
main() at main.cpp.cpp (22)
 size = 1
 capacity = 4
 is_linear = 1

      |>free            
| 000 | 001 | 002 | 003 |
|   0 |  P  |  P  |  P  |
| 0| 0|-1| 2|-1| 3|-1| 0|


main() at main.cpp.cpp (22)
 size = 2
 capacity = 4
 is_linear = 1

      |>head|>free      
| 000 | 001 | 002 | 003 |
|   0 |  12 |  P  |  P  |
| 0| 0| 0| 0|-1| 3|-1| 0|


main() at main.cpp.cpp (22)
 size = 3
 capacity = 4
 is_linear = 1

      |>head|>tale|>free
| 000 | 001 | 002 | 003 |
|   0 |  12 |  22 |  P  |
| 0| 0| 0| 2| 1| 0|-1| 0|


main() at main.cpp.cpp (22)
 size = 4
 capacity = 4
 is_linear = 0

|>free|>head|>tale      
| 000 | 001 | 002 | 003 |
|   0 |  12 |  22 |  32 |
| 0| 0| 0| 3| 3| 0| 1| 2|


main() at main.cpp.cpp (22)
 size = 5
 capacity = 8
 is_linear = 0

      |>head|>tale            |>free            
| 000 | 001 | 002 | 003 | 004 | 005 | 006 | 007 |
|   0 |  12 |  22 |  32 |  42 |  P  |  P  |  P  |
| 0| 0| 0| 4| 3| 0| 4| 2| 1| 3|-1| 6|-1| 7|-1| 0|


main() at main.cpp.cpp (22)
 size = 6
 capacity = 8
 is_linear = 0

      |>head|>tale                  |>free      
| 000 | 001 | 002 | 003 | 004 | 005 | 006 | 007 |
|   0 |  12 |  22 |  32 |  42 |  52 |  P  |  P  |
| 0| 0| 0| 5| 3| 0| 4| 2| 5| 3| 1| 4|-1| 7|-1| 0|


main() at main.cpp.cpp (22)
 size = 7
 capacity = 8
 is_linear = 0

      |>head                        |>tale|>free
| 000 | 001 | 002 | 003 | 004 | 005 | 006 | 007 |
|   0 |  12 |  22 |  32 |  42 |  52 |  62 |  P  |
| 0| 0| 0| 5| 3| 6| 4| 2| 5| 3| 1| 4| 2| 0|-1| 0|


main() at main.cpp.cpp (22)
 size = 8
 capacity = 8
 is_linear = 0

|>free|>head                        |>tale      
| 000 | 001 | 002 | 003 | 004 | 005 | 006 | 007 |
|   0 |  12 |  22 |  32 |  42 |  52 |  62 |  72 |
| 0| 0| 0| 5| 3| 7| 4| 2| 5| 3| 1| 4| 7| 0| 2| 6|


main() at main.cpp.cpp (22)
 size = 9
 capacity = 16
 is_linear = 0

      |>head                        |>tale            |>free                                    
| 000 | 001 | 002 | 003 | 004 | 005 | 006 | 007 | 008 | 009 | 010 | 011 | 012 | 013 | 014 | 015 |
|   0 |  12 |  22 |  32 |  42 |  52 |  62 |  72 |  82 |  P  |  P  |  P  |  P  |  P  |  P  |  P  |
| 0| 0| 0| 5| 8| 7| 4| 8| 5| 3| 1| 4| 7| 0| 2| 6| 3| 2|-1|10|-1|11|-1|12|-1|13|-1|14|-1|15|-1| 0|


main() at main.cpp.cpp (22)
 size = 10
 capacity = 16
 is_linear = 0

      |>head                        |>tale                  |>free                              
| 000 | 001 | 002 | 003 | 004 | 005 | 006 | 007 | 008 | 009 | 010 | 011 | 012 | 013 | 014 | 015 |
|   0 |  12 |  22 |  32 |  42 |  52 |  62 |  72 |  82 |  92 |  P  |  P  |  P  |  P  |  P  |  P  |
| 0| 0| 0| 5| 8| 9| 4| 8| 5| 3| 1| 4| 7| 0| 9| 6| 3| 2| 2| 7|-1|11|-1|12|-1|13|-1|14|-1|15|-1| 0|


main() at main.cpp.cpp (22)
 size = 11
 capacity = 16
 is_linear = 0

      |>head                                                |>tale|>free                        
| 000 | 001 | 002 | 003 | 004 | 005 | 006 | 007 | 008 | 009 | 010 | 011 | 012 | 013 | 014 | 015 |
|   0 |  12 |  22 |  32 |  42 |  52 |  62 |  72 |  82 |  92 | 102 |  P  |  P  |  P  |  P  |  P  |
| 0| 0| 0| 5| 8| 9| 4| 8| 5| 3| 1| 4| 7|10| 9| 6| 3| 2| 2| 7| 6| 0|-1|12|-1|13|-1|14|-1|15|-1| 0|


main() at main.cpp.cpp (22)
 size = 12
 capacity = 16
 is_linear = 0

      |>head                                                |>tale      |>free                  
| 000 | 001 | 002 | 003 | 004 | 005 | 006 | 007 | 008 | 009 | 010 | 011 | 012 | 013 | 014 | 015 |
|   0 |  12 |  22 |  32 |  42 |  52 |  62 |  72 |  82 |  92 | 102 | 112 |  P  |  P  |  P  |  P  |
| 0| 0| 0| 5| 8| 9|11| 8| 5|11| 1| 4| 7|10| 9| 6| 3| 2| 2| 7| 6| 0| 4| 3|-1|13|-1|14|-1|15|-1| 0|


main() at main.cpp.cpp (22)
 size = 13
 capacity = 16
 is_linear = 0

      |>head                                                |>tale            |>free            
| 000 | 001 | 002 | 003 | 004 | 005 | 006 | 007 | 008 | 009 | 010 | 011 | 012 | 013 | 014 | 015 |
|   0 |  12 |  22 |  32 |  42 |  52 |  62 |  72 |  82 |  92 | 102 | 112 | 122 |  P  |  P  |  P  |
| 0| 0| 0| 5| 8| 9|11| 8| 5|11| 1| 4| 7|12| 9| 6| 3| 2| 2| 7|12| 0| 4| 3| 6|10|-1|14|-1|15|-1| 0|


main() at main.cpp.cpp (22)
 size = 14
 capacity = 16
 is_linear = 0

      |>head                                                |>tale                  |>free      
| 000 | 001 | 002 | 003 | 004 | 005 | 006 | 007 | 008 | 009 | 010 | 011 | 012 | 013 | 014 | 015 |
|   0 |  12 |  22 |  32 |  42 |  52 |  62 |  72 |  82 |  92 | 102 | 112 | 122 | 132 |  P  |  P  |
| 0| 0| 0| 5| 8| 9|11| 8| 5|11| 1| 4| 7|12|13| 6| 3| 2| 2|13|12| 0| 4| 3| 6|10| 9| 7|-1|15|-1| 0|


main() at main.cpp.cpp (22)
 size = 15
 capacity = 16
 is_linear = 0

      |>head                                                |>tale                        |>free
| 000 | 001 | 002 | 003 | 004 | 005 | 006 | 007 | 008 | 009 | 010 | 011 | 012 | 013 | 014 | 015 |
|   0 |  12 |  22 |  32 |  42 |  52 |  62 |  72 |  82 |  92 | 102 | 112 | 122 | 132 | 142 |  P  |
| 0| 0| 0| 5|14| 9|11| 8| 5|11| 1| 4| 7|12|13| 6| 3|14| 2|13|12| 0| 4| 3| 6|10| 9| 7| 8| 2|-1| 0|


main() at main.cpp.cpp (22)
 size = 16
 capacity = 16
 is_linear = 0

|>free|>head                                                |>tale                              
| 000 | 001 | 002 | 003 | 004 | 005 | 006 | 007 | 008 | 009 | 010 | 011 | 012 | 013 | 014 | 015 |
|   0 |  12 |  22 |  32 |  42 |  52 |  62 |  72 |  82 |  92 | 102 | 112 | 122 | 132 | 142 | 152 |
| 0| 0| 0| 5|14| 9|11|15| 5|11| 1| 4| 7|12|13| 6|15|14| 2|13|12| 0| 4| 3| 6|10| 9| 7| 8| 2| 3| 8|


main() at main.cpp.cpp (22)
 size = 17
 capacity = 32
 is_linear = 0

      |>head                                                |>tale                                    |>free                                                                                    
| 000 | 001 | 002 | 003 | 004 | 005 | 006 | 007 | 008 | 009 | 010 | 011 | 012 | 013 | 014 | 015 | 016 | 017 | 018 | 019 | 020 | 021 | 022 | 023 | 024 | 025 | 026 | 027 | 028 | 029 | 030 | 031 |
|   0 |  12 |  22 |  32 |  42 |  52 |  62 |  72 |  82 |  92 | 102 | 112 | 122 | 132 | 142 | 152 | 162 |  P  |  P  |  P  |  P  |  P  |  P  |  P  |  P  |  P  |  P  |  P  |  P  |  P  |  P  |  P  |
| 0| 0| 0| 5|14| 9|11|16| 5|11| 1| 4| 7|12|13| 6|15|14| 2|13|12| 0| 4| 3| 6|10| 9| 7| 8| 2|16| 8| 3|15|-1|18|-1|19|-1|20|-1|21|-1|22|-1|23|-1|24|-1|25|-1|26|-1|27|-1|28|-1|29|-1|30|-1|31|-1| 0|


main() at main.cpp.cpp (22)
 size = 18
 capacity = 32
 is_linear = 0

      |>head                                                |>tale                                          |>free                                                                              
| 000 | 001 | 002 | 003 | 004 | 005 | 006 | 007 | 008 | 009 | 010 | 011 | 012 | 013 | 014 | 015 | 016 | 017 | 018 | 019 | 020 | 021 | 022 | 023 | 024 | 025 | 026 | 027 | 028 | 029 | 030 | 031 |
|   0 |  12 |  22 |  32 |  42 |  52 |  62 |  72 |  82 |  92 | 102 | 112 | 122 | 132 | 142 | 152 | 162 | 172 |  P  |  P  |  P  |  P  |  P  |  P  |  P  |  P  |  P  |  P  |  P  |  P  |  P  |  P  |
| 0| 0| 0| 5|14| 9|11|17| 5|11| 1| 4| 7|12|13| 6|15|14| 2|13|12| 0| 4| 3| 6|10| 9| 7| 8| 2|16| 8|17|15| 3|16|-1|19|-1|20|-1|21|-1|22|-1|23|-1|24|-1|25|-1|26|-1|27|-1|28|-1|29|-1|30|-1|31|-1| 0|


main() at main.cpp.cpp (22)
 size = 19
 capacity = 32
 is_linear = 0

      |>head                                                |>tale                                                |>free                                                                        
| 000 | 001 | 002 | 003 | 004 | 005 | 006 | 007 | 008 | 009 | 010 | 011 | 012 | 013 | 014 | 015 | 016 | 017 | 018 | 019 | 020 | 021 | 022 | 023 | 024 | 025 | 026 | 027 | 028 | 029 | 030 | 031 |
|   0 |  12 |  22 |  32 |  42 |  52 |  62 |  72 |  82 |  92 | 102 | 112 | 122 | 132 | 142 | 152 | 162 | 172 | 182 |  P  |  P  |  P  |  P  |  P  |  P  |  P  |  P  |  P  |  P  |  P  |  P  |  P  |
| 0| 0| 0|18|14| 9|11|17| 5|11|18| 4| 7|12|13| 6|15|14| 2|13|12| 0| 4| 3| 6|10| 9| 7| 8| 2|16| 8|17|15| 3|16| 1| 5|-1|20|-1|21|-1|22|-1|23|-1|24|-1|25|-1|26|-1|27|-1|28|-1|29|-1|30|-1|31|-1| 0|


main() at main.cpp.cpp (22)
 size = 20
 capacity = 32
 is_linear = 0

      |>head                                                |>tale                                                      |>free                                                                  
| 000 | 001 | 002 | 003 | 004 | 005 | 006 | 007 | 008 | 009 | 010 | 011 | 012 | 013 | 014 | 015 | 016 | 017 | 018 | 019 | 020 | 021 | 022 | 023 | 024 | 025 | 026 | 027 | 028 | 029 | 030 | 031 |
|   0 |  12 |  22 |  32 |  42 |  52 |  62 |  72 |  82 |  92 | 102 | 112 | 122 | 132 | 142 | 152 | 162 | 172 | 182 | 192 |  P  |  P  |  P  |  P  |  P  |  P  |  P  |  P  |  P  |  P  |  P  |  P  |
| 0| 0| 0|18|14| 9|11|19| 5|11|18| 4| 7|12|13| 6|15|14| 2|13|12| 0| 4| 3| 6|10| 9| 7| 8| 2|16| 8|17|15|19|16| 1| 5| 3|17|-1|21|-1|22|-1|23|-1|24|-1|25|-1|26|-1|27|-1|28|-1|29|-1|30|-1|31|-1| 0|


main() at main.cpp.cpp (22)
 size = 21
 capacity = 32
 is_linear = 0

      |>head                                                |>tale                                                            |>free                                                            
| 000 | 001 | 002 | 003 | 004 | 005 | 006 | 007 | 008 | 009 | 010 | 011 | 012 | 013 | 014 | 015 | 016 | 017 | 018 | 019 | 020 | 021 | 022 | 023 | 024 | 025 | 026 | 027 | 028 | 029 | 030 | 031 |
|   0 |  12 |  22 |  32 |  42 |  52 |  62 |  72 |  82 |  92 | 102 | 112 | 122 | 132 | 142 | 152 | 162 | 172 | 182 | 192 | 202 |  P  |  P  |  P  |  P  |  P  |  P  |  P  |  P  |  P  |  P  |  P  |
| 0| 0| 0|18|14| 9|11|19| 5|11|18| 4| 7|20|13| 6|15|14| 2|13|12| 0| 4| 3|20|10| 9| 7| 8| 2|16| 8|17|15|19|16| 1| 5| 3|17| 6|12|-1|22|-1|23|-1|24|-1|25|-1|26|-1|27|-1|28|-1|29|-1|30|-1|31|-1| 0|


main() at main.cpp.cpp (22)
 size = 22
 capacity = 32
 is_linear = 0

      |>head                                                |>tale                                                                  |>free                                                      
| 000 | 001 | 002 | 003 | 004 | 005 | 006 | 007 | 008 | 009 | 010 | 011 | 012 | 013 | 014 | 015 | 016 | 017 | 018 | 019 | 020 | 021 | 022 | 023 | 024 | 025 | 026 | 027 | 028 | 029 | 030 | 031 |
|   0 |  12 |  22 |  32 |  42 |  52 |  62 |  72 |  82 |  92 | 102 | 112 | 122 | 132 | 142 | 152 | 162 | 172 | 182 | 192 | 202 | 212 |  P  |  P  |  P  |  P  |  P  |  P  |  P  |  P  |  P  |  P  |
| 0| 0| 0|21|14| 9|11|19| 5|11|18| 4| 7|20|13| 6|15|14| 2|13|12| 0| 4| 3|20|10| 9| 7| 8| 2|16| 8|17|15|19|16|21| 5| 3|17| 6|12| 1|18|-1|23|-1|24|-1|25|-1|26|-1|27|-1|28|-1|29|-1|30|-1|31|-1| 0|


main() at main.cpp.cpp (22)
 size = 23
 capacity = 32
 is_linear = 0

      |>head                                                |>tale                                                                        |>free                                                
| 000 | 001 | 002 | 003 | 004 | 005 | 006 | 007 | 008 | 009 | 010 | 011 | 012 | 013 | 014 | 015 | 016 | 017 | 018 | 019 | 020 | 021 | 022 | 023 | 024 | 025 | 026 | 027 | 028 | 029 | 030 | 031 |
|   0 |  12 |  22 |  32 |  42 |  52 |  62 |  72 |  82 |  92 | 102 | 112 | 122 | 132 | 142 | 152 | 162 | 172 | 182 | 192 | 202 | 212 | 222 |  P  |  P  |  P  |  P  |  P  |  P  |  P  |  P  |  P  |
| 0| 0| 0|21|14|22|11|19| 5|11|18| 4| 7|20|13| 6|15|14|22|13|12| 0| 4| 3|20|10| 9| 7| 8| 2|16| 8|17|15|19|16|21| 5| 3|17| 6|12| 1|18| 2| 9|-1|24|-1|25|-1|26|-1|27|-1|28|-1|29|-1|30|-1|31|-1| 0|


main() at main.cpp.cpp (22)
 size = 24
 capacity = 32
 is_linear = 0

      |>head                                                                                                                              |>tale|>free                                          
| 000 | 001 | 002 | 003 | 004 | 005 | 006 | 007 | 008 | 009 | 010 | 011 | 012 | 013 | 014 | 015 | 016 | 017 | 018 | 019 | 020 | 021 | 022 | 023 | 024 | 025 | 026 | 027 | 028 | 029 | 030 | 031 |
|   0 |  12 |  22 |  32 |  42 |  52 |  62 |  72 |  82 |  92 | 102 | 112 | 122 | 132 | 142 | 152 | 162 | 172 | 182 | 192 | 202 | 212 | 222 | 232 |  P  |  P  |  P  |  P  |  P  |  P  |  P  |  P  |
| 0| 0| 0|21|14|22|11|19| 5|11|18| 4| 7|20|13| 6|15|14|22|13|12|23| 4| 3|20|10| 9| 7| 8| 2|16| 8|17|15|19|16|21| 5| 3|17| 6|12| 1|18| 2| 9|10| 0|-1|25|-1|26|-1|27|-1|28|-1|29|-1|30|-1|31|-1| 0|


main() at main.cpp.cpp (22)
 size = 25
 capacity = 32
 is_linear = 0

      |>head                                                                                                                              |>tale      |>free                                    
| 000 | 001 | 002 | 003 | 004 | 005 | 006 | 007 | 008 | 009 | 010 | 011 | 012 | 013 | 014 | 015 | 016 | 017 | 018 | 019 | 020 | 021 | 022 | 023 | 024 | 025 | 026 | 027 | 028 | 029 | 030 | 031 |
|   0 |  12 |  22 |  32 |  42 |  52 |  62 |  72 |  82 |  92 | 102 | 112 | 122 | 132 | 142 | 152 | 162 | 172 | 182 | 192 | 202 | 212 | 222 | 232 | 242 |  P  |  P  |  P  |  P  |  P  |  P  |  P  |
| 0| 0| 0|21|14|22|11|19| 5|11|18| 4| 7|20|13| 6|15|14|22|13|12|23| 4| 3|20|10| 9| 7| 8| 2|16| 8|17|15|19|16|24| 5| 3|17| 6|12| 1|24| 2| 9|10| 0|21|18|-1|26|-1|27|-1|28|-1|29|-1|30|-1|31|-1| 0|


main() at main.cpp.cpp (22)
 size = 26
 capacity = 32
 is_linear = 0

      |>head                                                                                                                              |>tale            |>free                              
| 000 | 001 | 002 | 003 | 004 | 005 | 006 | 007 | 008 | 009 | 010 | 011 | 012 | 013 | 014 | 015 | 016 | 017 | 018 | 019 | 020 | 021 | 022 | 023 | 024 | 025 | 026 | 027 | 028 | 029 | 030 | 031 |
|   0 |  12 |  22 |  32 |  42 |  52 |  62 |  72 |  82 |  92 | 102 | 112 | 122 | 132 | 142 | 152 | 162 | 172 | 182 | 192 | 202 | 212 | 222 | 232 | 242 | 252 |  P  |  P  |  P  |  P  |  P  |  P  |
| 0| 0| 0|21|14|22|11|19| 5|11|18| 4| 7|20|13| 6|15|25|22|13|12|23| 4| 3|20|10| 9| 7|25| 2|16| 8|17|15|19|16|24| 5| 3|17| 6|12| 1|24| 2| 9|10| 0|21|18| 8|14|-1|27|-1|28|-1|29|-1|30|-1|31|-1| 0|


main() at main.cpp.cpp (22)
 size = 27
 capacity = 32
 is_linear = 0

      |>head                                                                                                                              |>tale                  |>free                        
| 000 | 001 | 002 | 003 | 004 | 005 | 006 | 007 | 008 | 009 | 010 | 011 | 012 | 013 | 014 | 015 | 016 | 017 | 018 | 019 | 020 | 021 | 022 | 023 | 024 | 025 | 026 | 027 | 028 | 029 | 030 | 031 |
|   0 |  12 |  22 |  32 |  42 |  52 |  62 |  72 |  82 |  92 | 102 | 112 | 122 | 132 | 142 | 152 | 162 | 172 | 182 | 192 | 202 | 212 | 222 | 232 | 242 | 252 | 262 |  P  |  P  |  P  |  P  |  P  |
| 0| 0| 0|26|14|22|11|19| 5|11|18| 4| 7|20|13| 6|15|25|22|13|12|23| 4| 3|20|10| 9| 7|25| 2|16| 8|17|15|19|16|24| 5| 3|17| 6|12|26|24| 2| 9|10| 0|21|18| 8|14| 1|21|-1|28|-1|29|-1|30|-1|31|-1| 0|


main() at main.cpp.cpp (22)
 size = 28
 capacity = 32
 is_linear = 0

      |>head                                                                                                                              |>tale                        |>free                  
| 000 | 001 | 002 | 003 | 004 | 005 | 006 | 007 | 008 | 009 | 010 | 011 | 012 | 013 | 014 | 015 | 016 | 017 | 018 | 019 | 020 | 021 | 022 | 023 | 024 | 025 | 026 | 027 | 028 | 029 | 030 | 031 |
|   0 |  12 |  22 |  32 |  42 |  52 |  62 |  72 |  82 |  92 | 102 | 112 | 122 | 132 | 142 | 152 | 162 | 172 | 182 | 192 | 202 | 212 | 222 | 232 | 242 | 252 | 262 | 272 |  P  |  P  |  P  |  P  |
| 0| 0| 0|26|14|22|11|19| 5|11|18| 4| 7|20|13| 6|15|25|22|13|12|23| 4| 3|20|10| 9| 7|25| 2|16| 8|17|15|27|16|24| 5| 3|27| 6|12|26|24| 2| 9|10| 0|21|18| 8|14| 1|21|19|17|-1|29|-1|30|-1|31|-1| 0|


main() at main.cpp.cpp (22)
 size = 29
 capacity = 32
 is_linear = 0

      |>head                                                                                                                              |>tale                              |>free            
| 000 | 001 | 002 | 003 | 004 | 005 | 006 | 007 | 008 | 009 | 010 | 011 | 012 | 013 | 014 | 015 | 016 | 017 | 018 | 019 | 020 | 021 | 022 | 023 | 024 | 025 | 026 | 027 | 028 | 029 | 030 | 031 |
|   0 |  12 |  22 |  32 |  42 |  52 |  62 |  72 |  82 |  92 | 102 | 112 | 122 | 132 | 142 | 152 | 162 | 172 | 182 | 192 | 202 | 212 | 222 | 232 | 242 | 252 | 262 | 272 | 282 |  P  |  P  |  P  |
| 0| 0| 0|26|14|22|11|19| 5|11|18| 4| 7|20|13| 6|15|25|22|13|12|23| 4| 3|28|10| 9| 7|25| 2|16| 8|17|15|27|16|24| 5| 3|27| 6|28|26|24| 2| 9|10| 0|21|18| 8|14| 1|21|19|17|20|12|-1|30|-1|31|-1| 0|


main() at main.cpp.cpp (22)
 size = 30
 capacity = 32
 is_linear = 0

      |>head                                                                                                                              |>tale                                    |>free      
| 000 | 001 | 002 | 003 | 004 | 005 | 006 | 007 | 008 | 009 | 010 | 011 | 012 | 013 | 014 | 015 | 016 | 017 | 018 | 019 | 020 | 021 | 022 | 023 | 024 | 025 | 026 | 027 | 028 | 029 | 030 | 031 |
|   0 |  12 |  22 |  32 |  42 |  52 |  62 |  72 |  82 |  92 | 102 | 112 | 122 | 132 | 142 | 152 | 162 | 172 | 182 | 192 | 202 | 212 | 222 | 232 | 242 | 252 | 262 | 272 | 282 | 292 |  P  |  P  |
| 0| 0| 0|26|14|22|11|19| 5|11|18| 4| 7|20|13| 6|15|25|22|13|12|23| 4| 3|28|10| 9| 7|25| 2|16| 8|29|15|27|29|24| 5| 3|27| 6|28|26|24| 2| 9|10| 0|21|18| 8|14| 1|21|19|17|20|12|17|16|-1|31|-1| 0|


main() at main.cpp.cpp (22)
 size = 31
 capacity = 32
 is_linear = 0

      |>head                                                                                                                              |>tale                                          |>free
| 000 | 001 | 002 | 003 | 004 | 005 | 006 | 007 | 008 | 009 | 010 | 011 | 012 | 013 | 014 | 015 | 016 | 017 | 018 | 019 | 020 | 021 | 022 | 023 | 024 | 025 | 026 | 027 | 028 | 029 | 030 | 031 |
|   0 |  12 |  22 |  32 |  42 |  52 |  62 |  72 |  82 |  92 | 102 | 112 | 122 | 132 | 142 | 152 | 162 | 172 | 182 | 192 | 202 | 212 | 222 | 232 | 242 | 252 | 262 | 272 | 282 | 292 | 302 |  P  |
| 0| 0| 0|26|30|22|11|19| 5|11|18| 4| 7|20|13| 6|15|25|22|13|12|23| 4| 3|28|10| 9| 7|25|30|16| 8|29|15|27|29|24| 5| 3|27| 6|28|26|24| 2| 9|10| 0|21|18| 8|14| 1|21|19|17|20|12|17|16|14| 2|-1| 0|


main() at main.cpp.cpp (22)
 size = 32
 capacity = 32
 is_linear = 0

|>free|>head                                                                                                                              |>tale                                                
| 000 | 001 | 002 | 003 | 004 | 005 | 006 | 007 | 008 | 009 | 010 | 011 | 012 | 013 | 014 | 015 | 016 | 017 | 018 | 019 | 020 | 021 | 022 | 023 | 024 | 025 | 026 | 027 | 028 | 029 | 030 | 031 |
|   0 |  12 |  22 |  32 |  42 |  52 |  62 |  72 |  82 |  92 | 102 | 112 | 122 | 132 | 142 | 152 | 162 | 172 | 182 | 192 | 202 | 212 | 222 | 232 | 242 | 252 | 262 | 272 | 282 | 292 | 302 | 312 |
| 0| 0| 0|26|30|22|11|19| 5|11|18| 4| 7|20|13| 6|15|25|22|13|31|23| 4| 3|28|31| 9| 7|25|30|16| 8|29|15|27|29|24| 5| 3|27| 6|28|26|24| 2| 9|10| 0|21|18| 8|14| 1|21|19|17|20|12|17|16|14| 2|12|10|


main() at main.cpp.cpp (22)
 size = 33
 capacity = 64
 is_linear = 0

      |>head                                                                                                                                                                                    |>tale|>free                                                                                                                                                                                    
| 000 | 001 | 002 | 003 | 004 | 005 | 006 | 007 | 008 | 009 | 010 | 011 | 012 | 013 | 014 | 015 | 016 | 017 | 018 | 019 | 020 | 021 | 022 | 023 | 024 | 025 | 026 | 027 | 028 | 029 | 030 | 031 | 032 | 033 | 034 | 035 | 036 | 037 | 038 | 039 | 040 | 041 | 042 | 043 | 044 | 045 | 046 | 047 | 048 | 049 | 050 | 051 | 052 | 053 | 054 | 055 | 056 | 057 | 058 | 059 | 060 | 061 | 062 | 063 |
|   0 |  12 |  22 |  32 |  42 |  52 |  62 |  72 |  82 |  92 | 102 | 112 | 122 | 132 | 142 | 152 | 162 | 172 | 182 | 192 | 202 | 212 | 222 | 232 | 242 | 252 | 262 | 272 | 282 | 292 | 302 | 312 | 322 |  P  |  P  |  P  |  P  |  P  |  P  |  P  |  P  |  P  |  P  |  P  |  P  |  P  |  P  |  P  |  P  |  P  |  P  |  P  |  P  |  P  |  P  |  P  |  P  |  P  |  P  |  P  |  P  |  P  |  P  |  P  |
| 0| 0| 0|26|30|22|11|19| 5|11|18| 4| 7|20|13| 6|15|25|22|13|31|23| 4| 3|28|31| 9| 7|25|30|16| 8|29|15|27|29|24| 5| 3|27| 6|28|26|24| 2| 9|10|32|21|18| 8|14| 1|21|19|17|20|12|17|16|14| 2|12|10|23| 0|-1|34|-1|35|-1|36|-1|37|-1|38|-1|39|-1|40|-1|41|-1|42|-1|43|-1|44|-1|45|-1|46|-1|47|-1|48|-1|49|-1|50|-1|51|-1|52|-1|53|-1|54|-1|55|-1|56|-1|57|-1|58|-1|59|-1|60|-1|61|-1|62|-1|63|-1| 0|


main() at main.cpp.cpp (22)
 size = 34
 capacity = 64
 is_linear = 0

      |>head                                                                                                                                                                                    |>tale      |>free                                                                                                                                                                              
| 000 | 001 | 002 | 003 | 004 | 005 | 006 | 007 | 008 | 009 | 010 | 011 | 012 | 013 | 014 | 015 | 016 | 017 | 018 | 019 | 020 | 021 | 022 | 023 | 024 | 025 | 026 | 027 | 028 | 029 | 030 | 031 | 032 | 033 | 034 | 035 | 036 | 037 | 038 | 039 | 040 | 041 | 042 | 043 | 044 | 045 | 046 | 047 | 048 | 049 | 050 | 051 | 052 | 053 | 054 | 055 | 056 | 057 | 058 | 059 | 060 | 061 | 062 | 063 |
|   0 |  12 |  22 |  32 |  42 |  52 |  62 |  72 |  82 |  92 | 102 | 112 | 122 | 132 | 142 | 152 | 162 | 172 | 182 | 192 | 202 | 212 | 222 | 232 | 242 | 252 | 262 | 272 | 282 | 292 | 302 | 312 | 322 | 332 |  P  |  P  |  P  |  P  |  P  |  P  |  P  |  P  |  P  |  P  |  P  |  P  |  P  |  P  |  P  |  P  |  P  |  P  |  P  |  P  |  P  |  P  |  P  |  P  |  P  |  P  |  P  |  P  |  P  |  P  |
| 0| 0| 0|26|30|22|11|19| 5|11|18| 4| 7|20|13| 6|15|25|22|13|33|23| 4| 3|28|31| 9| 7|25|30|16| 8|29|15|27|29|24| 5| 3|27| 6|28|26|24| 2| 9|10|32|21|18| 8|14| 1|21|19|17|20|12|17|16|14| 2|12|33|23| 0|31|10|-1|35|-1|36|-1|37|-1|38|-1|39|-1|40|-1|41|-1|42|-1|43|-1|44|-1|45|-1|46|-1|47|-1|48|-1|49|-1|50|-1|51|-1|52|-1|53|-1|54|-1|55|-1|56|-1|57|-1|58|-1|59|-1|60|-1|61|-1|62|-1|63|-1| 0|


main() at main.cpp.cpp (22)
 size = 35
 capacity = 64
 is_linear = 0

      |>head                                                                                                                                                                                    |>tale            |>free                                                                                                                                                                        
| 000 | 001 | 002 | 003 | 004 | 005 | 006 | 007 | 008 | 009 | 010 | 011 | 012 | 013 | 014 | 015 | 016 | 017 | 018 | 019 | 020 | 021 | 022 | 023 | 024 | 025 | 026 | 027 | 028 | 029 | 030 | 031 | 032 | 033 | 034 | 035 | 036 | 037 | 038 | 039 | 040 | 041 | 042 | 043 | 044 | 045 | 046 | 047 | 048 | 049 | 050 | 051 | 052 | 053 | 054 | 055 | 056 | 057 | 058 | 059 | 060 | 061 | 062 | 063 |
|   0 |  12 |  22 |  32 |  42 |  52 |  62 |  72 |  82 |  92 | 102 | 112 | 122 | 132 | 142 | 152 | 162 | 172 | 182 | 192 | 202 | 212 | 222 | 232 | 242 | 252 | 262 | 272 | 282 | 292 | 302 | 312 | 322 | 332 | 342 |  P  |  P  |  P  |  P  |  P  |  P  |  P  |  P  |  P  |  P  |  P  |  P  |  P  |  P  |  P  |  P  |  P  |  P  |  P  |  P  |  P  |  P  |  P  |  P  |  P  |  P  |  P  |  P  |  P  |
| 0| 0| 0|26|30|22|11|19| 5|11|18| 4| 7|20|13| 6|15|25|22|13|33|23| 4| 3|28|31| 9| 7|25|34|16| 8|29|15|27|29|24| 5| 3|27| 6|28|26|24| 2| 9|10|32|21|18| 8|14| 1|21|19|17|20|12|17|16|34| 2|12|33|23| 0|31|10|14|30|-1|36|-1|37|-1|38|-1|39|-1|40|-1|41|-1|42|-1|43|-1|44|-1|45|-1|46|-1|47|-1|48|-1|49|-1|50|-1|51|-1|52|-1|53|-1|54|-1|55|-1|56|-1|57|-1|58|-1|59|-1|60|-1|61|-1|62|-1|63|-1| 0|


main() at main.cpp.cpp (22)
 size = 36
 capacity = 64
 is_linear = 0

      |>head                                                                                                                                                                                    |>tale                  |>free                                                                                                                                                                  
| 000 | 001 | 002 | 003 | 004 | 005 | 006 | 007 | 008 | 009 | 010 | 011 | 012 | 013 | 014 | 015 | 016 | 017 | 018 | 019 | 020 | 021 | 022 | 023 | 024 | 025 | 026 | 027 | 028 | 029 | 030 | 031 | 032 | 033 | 034 | 035 | 036 | 037 | 038 | 039 | 040 | 041 | 042 | 043 | 044 | 045 | 046 | 047 | 048 | 049 | 050 | 051 | 052 | 053 | 054 | 055 | 056 | 057 | 058 | 059 | 060 | 061 | 062 | 063 |
|   0 |  12 |  22 |  32 |  42 |  52 |  62 |  72 |  82 |  92 | 102 | 112 | 122 | 132 | 142 | 152 | 162 | 172 | 182 | 192 | 202 | 212 | 222 | 232 | 242 | 252 | 262 | 272 | 282 | 292 | 302 | 312 | 322 | 332 | 342 | 352 |  P  |  P  |  P  |  P  |  P  |  P  |  P  |  P  |  P  |  P  |  P  |  P  |  P  |  P  |  P  |  P  |  P  |  P  |  P  |  P  |  P  |  P  |  P  |  P  |  P  |  P  |  P  |  P  |
| 0| 0| 0|26|30|22|11|19| 5|11|18| 4| 7|20|35| 6|15|25|22|13|33|23| 4| 3|28|31| 9|35|25|34|16| 8|29|15|27|29|24| 5| 3|27| 6|28|26|24| 2| 9|10|32|21|18| 8|14| 1|21|19|17|20|12|17|16|34| 2|12|33|23| 0|31|10|14|30|13| 7|-1|37|-1|38|-1|39|-1|40|-1|41|-1|42|-1|43|-1|44|-1|45|-1|46|-1|47|-1|48|-1|49|-1|50|-1|51|-1|52|-1|53|-1|54|-1|55|-1|56|-1|57|-1|58|-1|59|-1|60|-1|61|-1|62|-1|63|-1| 0|


main() at main.cpp.cpp (22)
 size = 37
 capacity = 64
 is_linear = 0

      |>head                                                                                                                                                                                    |>tale                        |>free                                                                                                                                                            
| 000 | 001 | 002 | 003 | 004 | 005 | 006 | 007 | 008 | 009 | 010 | 011 | 012 | 013 | 014 | 015 | 016 | 017 | 018 | 019 | 020 | 021 | 022 | 023 | 024 | 025 | 026 | 027 | 028 | 029 | 030 | 031 | 032 | 033 | 034 | 035 | 036 | 037 | 038 | 039 | 040 | 041 | 042 | 043 | 044 | 045 | 046 | 047 | 048 | 049 | 050 | 051 | 052 | 053 | 054 | 055 | 056 | 057 | 058 | 059 | 060 | 061 | 062 | 063 |
|   0 |  12 |  22 |  32 |  42 |  52 |  62 |  72 |  82 |  92 | 102 | 112 | 122 | 132 | 142 | 152 | 162 | 172 | 182 | 192 | 202 | 212 | 222 | 232 | 242 | 252 | 262 | 272 | 282 | 292 | 302 | 312 | 322 | 332 | 342 | 352 | 362 |  P  |  P  |  P  |  P  |  P  |  P  |  P  |  P  |  P  |  P  |  P  |  P  |  P  |  P  |  P  |  P  |  P  |  P  |  P  |  P  |  P  |  P  |  P  |  P  |  P  |  P  |  P  |
| 0| 0| 0|26|30|22|11|19| 5|11|18| 4| 7|20|35| 6|15|25|22|13|33|23| 4| 3|28|31| 9|35|25|34|16| 8|29|15|27|29|24| 5| 3|27| 6|28|36|24| 2| 9|10|32|21|18| 8|14| 1|36|19|17|20|12|17|16|34| 2|12|33|23| 0|31|10|14|30|13| 7|26|21|-1|38|-1|39|-1|40|-1|41|-1|42|-1|43|-1|44|-1|45|-1|46|-1|47|-1|48|-1|49|-1|50|-1|51|-1|52|-1|53|-1|54|-1|55|-1|56|-1|57|-1|58|-1|59|-1|60|-1|61|-1|62|-1|63|-1| 0|


main() at main.cpp.cpp (22)
 size = 38
 capacity = 64
 is_linear = 0

      |>head                                                                                                                                                                                    |>tale                              |>free                                                                                                                                                      
| 000 | 001 | 002 | 003 | 004 | 005 | 006 | 007 | 008 | 009 | 010 | 011 | 012 | 013 | 014 | 015 | 016 | 017 | 018 | 019 | 020 | 021 | 022 | 023 | 024 | 025 | 026 | 027 | 028 | 029 | 030 | 031 | 032 | 033 | 034 | 035 | 036 | 037 | 038 | 039 | 040 | 041 | 042 | 043 | 044 | 045 | 046 | 047 | 048 | 049 | 050 | 051 | 052 | 053 | 054 | 055 | 056 | 057 | 058 | 059 | 060 | 061 | 062 | 063 |
|   0 |  12 |  22 |  32 |  42 |  52 |  62 |  72 |  82 |  92 | 102 | 112 | 122 | 132 | 142 | 152 | 162 | 172 | 182 | 192 | 202 | 212 | 222 | 232 | 242 | 252 | 262 | 272 | 282 | 292 | 302 | 312 | 322 | 332 | 342 | 352 | 362 | 372 |  P  |  P  |  P  |  P  |  P  |  P  |  P  |  P  |  P  |  P  |  P  |  P  |  P  |  P  |  P  |  P  |  P  |  P  |  P  |  P  |  P  |  P  |  P  |  P  |  P  |  P  |
| 0| 0| 0|26|30|22|11|19| 5|11|18| 4| 7|20|35| 6|15|25|22|13|33|23| 4| 3|28|37| 9|35|25|34|16| 8|29|15|27|29|24| 5| 3|27| 6|28|36|24| 2| 9|10|32|21|18| 8|14| 1|36|19|17|20|12|17|16|34| 2|37|33|23| 0|31|10|14|30|13| 7|26|21|12|31|-1|39|-1|40|-1|41|-1|42|-1|43|-1|44|-1|45|-1|46|-1|47|-1|48|-1|49|-1|50|-1|51|-1|52|-1|53|-1|54|-1|55|-1|56|-1|57|-1|58|-1|59|-1|60|-1|61|-1|62|-1|63|-1| 0|


main() at main.cpp.cpp (22)
 size = 39
 capacity = 64
 is_linear = 0

      |>head                                                                                                                                                                                    |>tale                                    |>free                                                                                                                                                
| 000 | 001 | 002 | 003 | 004 | 005 | 006 | 007 | 008 | 009 | 010 | 011 | 012 | 013 | 014 | 015 | 016 | 017 | 018 | 019 | 020 | 021 | 022 | 023 | 024 | 025 | 026 | 027 | 028 | 029 | 030 | 031 | 032 | 033 | 034 | 035 | 036 | 037 | 038 | 039 | 040 | 041 | 042 | 043 | 044 | 045 | 046 | 047 | 048 | 049 | 050 | 051 | 052 | 053 | 054 | 055 | 056 | 057 | 058 | 059 | 060 | 061 | 062 | 063 |
|   0 |  12 |  22 |  32 |  42 |  52 |  62 |  72 |  82 |  92 | 102 | 112 | 122 | 132 | 142 | 152 | 162 | 172 | 182 | 192 | 202 | 212 | 222 | 232 | 242 | 252 | 262 | 272 | 282 | 292 | 302 | 312 | 322 | 332 | 342 | 352 | 362 | 372 | 382 |  P  |  P  |  P  |  P  |  P  |  P  |  P  |  P  |  P  |  P  |  P  |  P  |  P  |  P  |  P  |  P  |  P  |  P  |  P  |  P  |  P  |  P  |  P  |  P  |  P  |
| 0| 0| 0|26|30|22|11|19| 5|11|18| 4| 7|20|35| 6|15|25|22|13|33|23| 4| 3|28|37| 9|35|25|34|16| 8|29|15|27|29|38| 5| 3|27| 6|28|36|24| 2| 9|10|32|21|38| 8|14| 1|36|19|17|20|12|17|16|34| 2|37|33|23| 0|31|10|14|30|13| 7|26|21|12|31|24|18|-1|40|-1|41|-1|42|-1|43|-1|44|-1|45|-1|46|-1|47|-1|48|-1|49|-1|50|-1|51|-1|52|-1|53|-1|54|-1|55|-1|56|-1|57|-1|58|-1|59|-1|60|-1|61|-1|62|-1|63|-1| 0|


main() at main.cpp.cpp (22)
 size = 40
 capacity = 64
 is_linear = 0

      |>head                                                                                                                                                                                    |>tale                                          |>free                                                                                                                                          
| 000 | 001 | 002 | 003 | 004 | 005 | 006 | 007 | 008 | 009 | 010 | 011 | 012 | 013 | 014 | 015 | 016 | 017 | 018 | 019 | 020 | 021 | 022 | 023 | 024 | 025 | 026 | 027 | 028 | 029 | 030 | 031 | 032 | 033 | 034 | 035 | 036 | 037 | 038 | 039 | 040 | 041 | 042 | 043 | 044 | 045 | 046 | 047 | 048 | 049 | 050 | 051 | 052 | 053 | 054 | 055 | 056 | 057 | 058 | 059 | 060 | 061 | 062 | 063 |
|   0 |  12 |  22 |  32 |  42 |  52 |  62 |  72 |  82 |  92 | 102 | 112 | 122 | 132 | 142 | 152 | 162 | 172 | 182 | 192 | 202 | 212 | 222 | 232 | 242 | 252 | 262 | 272 | 282 | 292 | 302 | 312 | 322 | 332 | 342 | 352 | 362 | 372 | 382 | 392 |  P  |  P  |  P  |  P  |  P  |  P  |  P  |  P  |  P  |  P  |  P  |  P  |  P  |  P  |  P  |  P  |  P  |  P  |  P  |  P  |  P  |  P  |  P  |  P  |
| 0| 0| 0|26|39|22|11|19| 5|11|18| 4| 7|20|35| 6|15|25|22|13|33|23| 4| 3|28|37| 9|35|25|34|16| 8|29|15|27|29|38| 5| 3|27| 6|28|36|24| 2| 9|10|32|21|38| 8|14| 1|36|19|17|20|12|17|16|34|39|37|33|23| 0|31|10|14|30|13| 7|26|21|12|31|24|18|30| 2|-1|41|-1|42|-1|43|-1|44|-1|45|-1|46|-1|47|-1|48|-1|49|-1|50|-1|51|-1|52|-1|53|-1|54|-1|55|-1|56|-1|57|-1|58|-1|59|-1|60|-1|61|-1|62|-1|63|-1| 0|


main() at main.cpp.cpp (22)
 size = 41
 capacity = 64
 is_linear = 0

      |>head                                                                                                                                                                                    |>tale                                                |>free                                                                                                                                    
| 000 | 001 | 002 | 003 | 004 | 005 | 006 | 007 | 008 | 009 | 010 | 011 | 012 | 013 | 014 | 015 | 016 | 017 | 018 | 019 | 020 | 021 | 022 | 023 | 024 | 025 | 026 | 027 | 028 | 029 | 030 | 031 | 032 | 033 | 034 | 035 | 036 | 037 | 038 | 039 | 040 | 041 | 042 | 043 | 044 | 045 | 046 | 047 | 048 | 049 | 050 | 051 | 052 | 053 | 054 | 055 | 056 | 057 | 058 | 059 | 060 | 061 | 062 | 063 |
|   0 |  12 |  22 |  32 |  42 |  52 |  62 |  72 |  82 |  92 | 102 | 112 | 122 | 132 | 142 | 152 | 162 | 172 | 182 | 192 | 202 | 212 | 222 | 232 | 242 | 252 | 262 | 272 | 282 | 292 | 302 | 312 | 322 | 332 | 342 | 352 | 362 | 372 | 382 | 392 | 402 |  P  |  P  |  P  |  P  |  P  |  P  |  P  |  P  |  P  |  P  |  P  |  P  |  P  |  P  |  P  |  P  |  P  |  P  |  P  |  P  |  P  |  P  |  P  |
| 0| 0| 0|26|39|22|11|19| 5|11|18| 4| 7|20|35| 6|15|25|22|13|33|23| 4| 3|28|37| 9|35|25|34|16| 8|29|15|27|29|38| 5| 3|27| 6|28|36|24| 2| 9|10|32|21|38| 8|14| 1|36|19|17|20|12|17|16|34|39|37|40|23| 0|40|10|14|30|13| 7|26|21|12|31|24|18|30| 2|31|33|-1|42|-1|43|-1|44|-1|45|-1|46|-1|47|-1|48|-1|49|-1|50|-1|51|-1|52|-1|53|-1|54|-1|55|-1|56|-1|57|-1|58|-1|59|-1|60|-1|61|-1|62|-1|63|-1| 0|


main() at main.cpp.cpp (22)
 size = 42
 capacity = 64
 is_linear = 0

      |>head                                                                                                                                                                                    |>tale                                                      |>free                                                                                                                              
| 000 | 001 | 002 | 003 | 004 | 005 | 006 | 007 | 008 | 009 | 010 | 011 | 012 | 013 | 014 | 015 | 016 | 017 | 018 | 019 | 020 | 021 | 022 | 023 | 024 | 025 | 026 | 027 | 028 | 029 | 030 | 031 | 032 | 033 | 034 | 035 | 036 | 037 | 038 | 039 | 040 | 041 | 042 | 043 | 044 | 045 | 046 | 047 | 048 | 049 | 050 | 051 | 052 | 053 | 054 | 055 | 056 | 057 | 058 | 059 | 060 | 061 | 062 | 063 |
|   0 |  12 |  22 |  32 |  42 |  52 |  62 |  72 |  82 |  92 | 102 | 112 | 122 | 132 | 142 | 152 | 162 | 172 | 182 | 192 | 202 | 212 | 222 | 232 | 242 | 252 | 262 | 272 | 282 | 292 | 302 | 312 | 322 | 332 | 342 | 352 | 362 | 372 | 382 | 392 | 402 | 412 |  P  |  P  |  P  |  P  |  P  |  P  |  P  |  P  |  P  |  P  |  P  |  P  |  P  |  P  |  P  |  P  |  P  |  P  |  P  |  P  |  P  |  P  |
| 0| 0| 0|26|39|22|11|19| 5|11|18| 4| 7|20|35| 6|15|25|22|13|33|23| 4| 3|28|37| 9|35|25|34|41| 8|29|41|27|29|38| 5| 3|27| 6|28|36|24| 2| 9|10|32|21|38| 8|14| 1|36|19|17|20|12|17|16|34|39|37|40|23| 0|40|10|14|30|13| 7|26|21|12|31|24|18|30| 2|31|33|16|15|-1|43|-1|44|-1|45|-1|46|-1|47|-1|48|-1|49|-1|50|-1|51|-1|52|-1|53|-1|54|-1|55|-1|56|-1|57|-1|58|-1|59|-1|60|-1|61|-1|62|-1|63|-1| 0|


main() at main.cpp.cpp (22)
 size = 43
 capacity = 64
 is_linear = 0

      |>head                                                                                                                                                                                    |>tale                                                            |>free                                                                                                                        
| 000 | 001 | 002 | 003 | 004 | 005 | 006 | 007 | 008 | 009 | 010 | 011 | 012 | 013 | 014 | 015 | 016 | 017 | 018 | 019 | 020 | 021 | 022 | 023 | 024 | 025 | 026 | 027 | 028 | 029 | 030 | 031 | 032 | 033 | 034 | 035 | 036 | 037 | 038 | 039 | 040 | 041 | 042 | 043 | 044 | 045 | 046 | 047 | 048 | 049 | 050 | 051 | 052 | 053 | 054 | 055 | 056 | 057 | 058 | 059 | 060 | 061 | 062 | 063 |
|   0 |  12 |  22 |  32 |  42 |  52 |  62 |  72 |  82 |  92 | 102 | 112 | 122 | 132 | 142 | 152 | 162 | 172 | 182 | 192 | 202 | 212 | 222 | 232 | 242 | 252 | 262 | 272 | 282 | 292 | 302 | 312 | 322 | 332 | 342 | 352 | 362 | 372 | 382 | 392 | 402 | 412 | 422 |  P  |  P  |  P  |  P  |  P  |  P  |  P  |  P  |  P  |  P  |  P  |  P  |  P  |  P  |  P  |  P  |  P  |  P  |  P  |  P  |  P  |
| 0| 0| 0|26|39|22|11|19| 5|11|42| 4| 7|20|35| 6|15|25|22|13|33|23| 4| 3|28|37| 9|35|25|34|41| 8|29|41|27|29|38|42| 3|27| 6|28|36|24| 2| 9|10|32|21|38| 8|14| 1|36|19|17|20|12|17|16|34|39|37|40|23| 0|40|10|14|30|13| 7|26|21|12|31|24|18|30| 2|31|33|16|15|18| 5|-1|44|-1|45|-1|46|-1|47|-1|48|-1|49|-1|50|-1|51|-1|52|-1|53|-1|54|-1|55|-1|56|-1|57|-1|58|-1|59|-1|60|-1|61|-1|62|-1|63|-1| 0|


main() at main.cpp.cpp (22)
 size = 44
 capacity = 64
 is_linear = 0

      |>head                                                                                                                                                                                    |>tale                                                                  |>free                                                                                                                  
| 000 | 001 | 002 | 003 | 004 | 005 | 006 | 007 | 008 | 009 | 010 | 011 | 012 | 013 | 014 | 015 | 016 | 017 | 018 | 019 | 020 | 021 | 022 | 023 | 024 | 025 | 026 | 027 | 028 | 029 | 030 | 031 | 032 | 033 | 034 | 035 | 036 | 037 | 038 | 039 | 040 | 041 | 042 | 043 | 044 | 045 | 046 | 047 | 048 | 049 | 050 | 051 | 052 | 053 | 054 | 055 | 056 | 057 | 058 | 059 | 060 | 061 | 062 | 063 |
|   0 |  12 |  22 |  32 |  42 |  52 |  62 |  72 |  82 |  92 | 102 | 112 | 122 | 132 | 142 | 152 | 162 | 172 | 182 | 192 | 202 | 212 | 222 | 232 | 242 | 252 | 262 | 272 | 282 | 292 | 302 | 312 | 322 | 332 | 342 | 352 | 362 | 372 | 382 | 392 | 402 | 412 | 422 | 432 |  P  |  P  |  P  |  P  |  P  |  P  |  P  |  P  |  P  |  P  |  P  |  P  |  P  |  P  |  P  |  P  |  P  |  P  |  P  |  P  |
| 0| 0| 0|26|39|22|11|19| 5|11|42| 4| 7|20|35| 6|15|25|22|13|33|23| 4| 3|28|37| 9|35|25|34|41| 8|43|41|27|29|38|42| 3|27| 6|28|36|24| 2| 9|10|32|21|38| 8|14| 1|36|19|17|20|12|17|43|34|39|37|40|23| 0|40|10|14|30|13| 7|26|21|12|31|24|18|30| 2|31|33|16|15|18| 5|29|16|-1|45|-1|46|-1|47|-1|48|-1|49|-1|50|-1|51|-1|52|-1|53|-1|54|-1|55|-1|56|-1|57|-1|58|-1|59|-1|60|-1|61|-1|62|-1|63|-1| 0|


main() at main.cpp.cpp (22)
 size = 45
 capacity = 64
 is_linear = 0

      |>head                                                                                                                                                                                    |>tale                                                                        |>free                                                                                                            
| 000 | 001 | 002 | 003 | 004 | 005 | 006 | 007 | 008 | 009 | 010 | 011 | 012 | 013 | 014 | 015 | 016 | 017 | 018 | 019 | 020 | 021 | 022 | 023 | 024 | 025 | 026 | 027 | 028 | 029 | 030 | 031 | 032 | 033 | 034 | 035 | 036 | 037 | 038 | 039 | 040 | 041 | 042 | 043 | 044 | 045 | 046 | 047 | 048 | 049 | 050 | 051 | 052 | 053 | 054 | 055 | 056 | 057 | 058 | 059 | 060 | 061 | 062 | 063 |
|   0 |  12 |  22 |  32 |  42 |  52 |  62 |  72 |  82 |  92 | 102 | 112 | 122 | 132 | 142 | 152 | 162 | 172 | 182 | 192 | 202 | 212 | 222 | 232 | 242 | 252 | 262 | 272 | 282 | 292 | 302 | 312 | 322 | 332 | 342 | 352 | 362 | 372 | 382 | 392 | 402 | 412 | 422 | 432 | 442 |  P  |  P  |  P  |  P  |  P  |  P  |  P  |  P  |  P  |  P  |  P  |  P  |  P  |  P  |  P  |  P  |  P  |  P  |  P  |
| 0| 0| 0|26|39|22|11|19| 5|11|42| 4| 7|20|35| 6|15|25|22|13|33|23| 4| 3|28|37| 9|35|25|34|41| 8|43|41|27|29|38|42| 3|27| 6|28|36|24| 2| 9|10|32|21|38| 8|14| 1|44|19|17|20|12|17|43|34|39|37|40|23| 0|40|10|14|30|13| 7|44|21|12|31|24|18|30| 2|31|33|16|15|18| 5|29|16|26|36|-1|46|-1|47|-1|48|-1|49|-1|50|-1|51|-1|52|-1|53|-1|54|-1|55|-1|56|-1|57|-1|58|-1|59|-1|60|-1|61|-1|62|-1|63|-1| 0|


main() at main.cpp.cpp (22)
 size = 46
 capacity = 64
 is_linear = 0

      |>head                                                                                                                                                                                    |>tale                                                                              |>free                                                                                                      
| 000 | 001 | 002 | 003 | 004 | 005 | 006 | 007 | 008 | 009 | 010 | 011 | 012 | 013 | 014 | 015 | 016 | 017 | 018 | 019 | 020 | 021 | 022 | 023 | 024 | 025 | 026 | 027 | 028 | 029 | 030 | 031 | 032 | 033 | 034 | 035 | 036 | 037 | 038 | 039 | 040 | 041 | 042 | 043 | 044 | 045 | 046 | 047 | 048 | 049 | 050 | 051 | 052 | 053 | 054 | 055 | 056 | 057 | 058 | 059 | 060 | 061 | 062 | 063 |
|   0 |  12 |  22 |  32 |  42 |  52 |  62 |  72 |  82 |  92 | 102 | 112 | 122 | 132 | 142 | 152 | 162 | 172 | 182 | 192 | 202 | 212 | 222 | 232 | 242 | 252 | 262 | 272 | 282 | 292 | 302 | 312 | 322 | 332 | 342 | 352 | 362 | 372 | 382 | 392 | 402 | 412 | 422 | 432 | 442 | 452 |  P  |  P  |  P  |  P  |  P  |  P  |  P  |  P  |  P  |  P  |  P  |  P  |  P  |  P  |  P  |  P  |  P  |  P  |
| 0| 0| 0|26|39|22|11|19| 5|11|42| 4| 7|20|35| 6|15|25|22|13|33|23| 4| 3|45|37| 9|35|25|34|41| 8|43|41|27|29|38|42| 3|27| 6|28|36|24| 2| 9|10|32|21|38| 8|14| 1|44|19|17|20|45|17|43|34|39|37|40|23| 0|40|10|14|30|13| 7|44|21|12|31|24|18|30| 2|31|33|16|15|18| 5|29|16|26|36|28|12|-1|47|-1|48|-1|49|-1|50|-1|51|-1|52|-1|53|-1|54|-1|55|-1|56|-1|57|-1|58|-1|59|-1|60|-1|61|-1|62|-1|63|-1| 0|


main() at main.cpp.cpp (22)
 size = 47
 capacity = 64
 is_linear = 0

      |>head                                                                                                                                                                                    |>tale                                                                                    |>free                                                                                                
| 000 | 001 | 002 | 003 | 004 | 005 | 006 | 007 | 008 | 009 | 010 | 011 | 012 | 013 | 014 | 015 | 016 | 017 | 018 | 019 | 020 | 021 | 022 | 023 | 024 | 025 | 026 | 027 | 028 | 029 | 030 | 031 | 032 | 033 | 034 | 035 | 036 | 037 | 038 | 039 | 040 | 041 | 042 | 043 | 044 | 045 | 046 | 047 | 048 | 049 | 050 | 051 | 052 | 053 | 054 | 055 | 056 | 057 | 058 | 059 | 060 | 061 | 062 | 063 |
|   0 |  12 |  22 |  32 |  42 |  52 |  62 |  72 |  82 |  92 | 102 | 112 | 122 | 132 | 142 | 152 | 162 | 172 | 182 | 192 | 202 | 212 | 222 | 232 | 242 | 252 | 262 | 272 | 282 | 292 | 302 | 312 | 322 | 332 | 342 | 352 | 362 | 372 | 382 | 392 | 402 | 412 | 422 | 432 | 442 | 452 | 462 |  P  |  P  |  P  |  P  |  P  |  P  |  P  |  P  |  P  |  P  |  P  |  P  |  P  |  P  |  P  |  P  |  P  |
| 0| 0| 0|26|39|22|11|19| 5|11|42| 4| 7|20|35| 6|15|25|22|13|33|23| 4| 3|45|37| 9|35|25|34|41| 8|43|41|27|29|38|42| 3|27| 6|28|36|24| 2| 9|10|32|21|38| 8|14| 1|46|19|17|20|45|17|43|34|39|37|40|23| 0|40|10|14|30|13| 7|44|21|12|31|24|18|30| 2|31|33|16|15|18| 5|29|16|46|36|28|12|26|44|-1|48|-1|49|-1|50|-1|51|-1|52|-1|53|-1|54|-1|55|-1|56|-1|57|-1|58|-1|59|-1|60|-1|61|-1|62|-1|63|-1| 0|


main() at main.cpp.cpp (22)
 size = 48
 capacity = 64
 is_linear = 0

      |>head                                                                                                                                                                                    |>tale                                                                                          |>free                                                                                          
| 000 | 001 | 002 | 003 | 004 | 005 | 006 | 007 | 008 | 009 | 010 | 011 | 012 | 013 | 014 | 015 | 016 | 017 | 018 | 019 | 020 | 021 | 022 | 023 | 024 | 025 | 026 | 027 | 028 | 029 | 030 | 031 | 032 | 033 | 034 | 035 | 036 | 037 | 038 | 039 | 040 | 041 | 042 | 043 | 044 | 045 | 046 | 047 | 048 | 049 | 050 | 051 | 052 | 053 | 054 | 055 | 056 | 057 | 058 | 059 | 060 | 061 | 062 | 063 |
|   0 |  12 |  22 |  32 |  42 |  52 |  62 |  72 |  82 |  92 | 102 | 112 | 122 | 132 | 142 | 152 | 162 | 172 | 182 | 192 | 202 | 212 | 222 | 232 | 242 | 252 | 262 | 272 | 282 | 292 | 302 | 312 | 322 | 332 | 342 | 352 | 362 | 372 | 382 | 392 | 402 | 412 | 422 | 432 | 442 | 452 | 462 | 472 |  P  |  P  |  P  |  P  |  P  |  P  |  P  |  P  |  P  |  P  |  P  |  P  |  P  |  P  |  P  |  P  |
| 0| 0| 0|26|39|22|11|19|47|11|42|47| 7|20|35| 6|15|25|22|13|33|23| 4| 3|45|37| 9|35|25|34|41| 8|43|41|27|29|38|42| 3|27| 6|28|36|24| 2| 9|10|32|21|38| 8|14| 1|46|19|17|20|45|17|43|34|39|37|40|23| 0|40|10|14|30|13| 7|44|21|12|31|24|18|30| 2|31|33|16|15|18| 5|29|16|46|36|28|12|26|44| 5| 4|-1|49|-1|50|-1|51|-1|52|-1|53|-1|54|-1|55|-1|56|-1|57|-1|58|-1|59|-1|60|-1|61|-1|62|-1|63|-1| 0|


main() at main.cpp.cpp (22)
 size = 49
 capacity = 64
 is_linear = 0

      |>head                                                                                                                                                                                    |>tale                                                                                                |>free                                                                                    
| 000 | 001 | 002 | 003 | 004 | 005 | 006 | 007 | 008 | 009 | 010 | 011 | 012 | 013 | 014 | 015 | 016 | 017 | 018 | 019 | 020 | 021 | 022 | 023 | 024 | 025 | 026 | 027 | 028 | 029 | 030 | 031 | 032 | 033 | 034 | 035 | 036 | 037 | 038 | 039 | 040 | 041 | 042 | 043 | 044 | 045 | 046 | 047 | 048 | 049 | 050 | 051 | 052 | 053 | 054 | 055 | 056 | 057 | 058 | 059 | 060 | 061 | 062 | 063 |
|   0 |  12 |  22 |  32 |  42 |  52 |  62 |  72 |  82 |  92 | 102 | 112 | 122 | 132 | 142 | 152 | 162 | 172 | 182 | 192 | 202 | 212 | 222 | 232 | 242 | 252 | 262 | 272 | 282 | 292 | 302 | 312 | 322 | 332 | 342 | 352 | 362 | 372 | 382 | 392 | 402 | 412 | 422 | 432 | 442 | 452 | 462 | 472 | 482 |  P  |  P  |  P  |  P  |  P  |  P  |  P  |  P  |  P  |  P  |  P  |  P  |  P  |  P  |  P  |
| 0| 0| 0|26|39|22|11|19|47|11|42|48| 7|20|35| 6|15|25|22|13|33|23| 4| 3|45|37| 9|35|25|34|41| 8|43|41|27|29|38|42| 3|27| 6|28|36|24| 2| 9|10|32|21|38| 8|14| 1|46|19|17|20|45|17|43|34|39|37|40|23| 0|40|10|14|30|13| 7|44|21|12|31|24|18|30| 2|31|33|16|15|18| 5|29|16|46|36|28|12|26|44|48| 4| 5|47|-1|50|-1|51|-1|52|-1|53|-1|54|-1|55|-1|56|-1|57|-1|58|-1|59|-1|60|-1|61|-1|62|-1|63|-1| 0|


main() at main.cpp.cpp (34)
 size = 49
 capacity = 64
 is_linear = 0

      |>head                  |>free                                                                                                                                                            |>tale                                                                                                                                                                                          
| 000 | 001 | 002 | 003 | 004 | 005 | 006 | 007 | 008 | 009 | 010 | 011 | 012 | 013 | 014 | 015 | 016 | 017 | 018 | 019 | 020 | 021 | 022 | 023 | 024 | 025 | 026 | 027 | 028 | 029 | 030 | 031 | 032 | 033 | 034 | 035 | 036 | 037 | 038 | 039 | 040 | 041 | 042 | 043 | 044 | 045 | 046 | 047 | 048 | 049 | 050 | 051 | 052 | 053 | 054 | 055 | 056 | 057 | 058 | 059 | 060 | 061 | 062 | 063 |
|   0 |  12 |  22 |  32 |  42 |  P  |  62 |  72 |  82 |  92 | 102 | 112 | 122 | 132 | 142 | 152 | 162 | 172 | 182 | 192 | 202 | 212 | 222 | 232 | 242 | 252 | 262 | 272 | 282 | 292 | 302 | 312 | 322 | 332 | 342 | 352 | 362 | 372 | 382 | 392 | 402 | 412 | 422 | 432 | 442 | 452 | 462 | 472 | 482 | 492 |  P  |  P  |  P  |  P  |  P  |  P  |  P  |  P  |  P  |  P  |  P  |  P  |  P  |  P  |
| 0| 0| 0|26|39|22|11|19|47|11|-1|50| 7|20|35| 6|15|25|22|13|33|23| 4| 3|45|37| 9|35|25|34|41| 8|43|49|27|29|38|42| 3|27| 6|28|36|24| 2| 9|10|32|21|38| 8|14| 1|46|19|17|20|45|17|43|34|39|37|40|23| 0|40|10|14|30|13| 7|44|21|12|31|24|18|30| 2|31|33|49|15|18|48|29|16|46|36|28|12|26|44|48| 4|42|47|16|41|-1|51|-1|52|-1|53|-1|54|-1|55|-1|56|-1|57|-1|58|-1|59|-1|60|-1|61|-1|62|-1|63|-1| 0|


main() at main.cpp.cpp (37)
 size = 49
 capacity = 64
 is_linear = 1

      |>head                                                                                                                                                                                                                                                                                    |>tale|>free                                                                                    
| 000 | 001 | 002 | 003 | 004 | 005 | 006 | 007 | 008 | 009 | 010 | 011 | 012 | 013 | 014 | 015 | 016 | 017 | 018 | 019 | 020 | 021 | 022 | 023 | 024 | 025 | 026 | 027 | 028 | 029 | 030 | 031 | 032 | 033 | 034 | 035 | 036 | 037 | 038 | 039 | 040 | 041 | 042 | 043 | 044 | 045 | 046 | 047 | 048 | 049 | 050 | 051 | 052 | 053 | 054 | 055 | 056 | 057 | 058 | 059 | 060 | 061 | 062 | 063 |
|   0 |  12 | 262 | 462 | 442 | 362 | 212 | 242 | 382 | 182 | 422 | 482 | 472 |  42 | 112 |  32 | 192 | 272 | 172 | 292 | 432 | 162 | 492 | 412 | 152 |  82 | 252 | 142 | 342 | 302 | 392 |  22 | 222 |  92 | 132 | 352 |  72 |  62 | 202 | 282 | 452 | 122 | 372 | 312 | 402 | 332 | 102 | 232 | 322 |  P  |  P  |  P  |  P  |  P  |  P  |  P  |  P  |  P  |  P  |  P  |  P  |  P  |  P  |  P  |
| 0| 0| 0| 2| 1| 3| 2| 4| 3| 5| 4| 6| 5| 7| 6| 8| 7| 9| 8|10| 9|11|10|12|11|13|12|14|13|15|14|16|15|17|16|18|17|19|18|20|19|21|20|22|21|23|22|24|23|25|24|26|25|27|26|28|27|29|28|30|29|31|30|32|31|33|32|34|33|35|34|36|35|37|36|38|37|39|38|40|39|41|40|42|41|43|42|44|43|45|44|46|45|47|46|48|47| 0|-1|50|-1|51|-1|52|-1|53|-1|54|-1|55|-1|56|-1|57|-1|58|-1|59|-1|60|-1|61|-1|62|-1|63|-1| 0|


main() at main.cpp.cpp (40)
 size = 50
 capacity = 64
 is_linear = 0

      |>head                                                                                                                                                                                                                                                                                    |>tale      |>free                                                                              
| 000 | 001 | 002 | 003 | 004 | 005 | 006 | 007 | 008 | 009 | 010 | 011 | 012 | 013 | 014 | 015 | 016 | 017 | 018 | 019 | 020 | 021 | 022 | 023 | 024 | 025 | 026 | 027 | 028 | 029 | 030 | 031 | 032 | 033 | 034 | 035 | 036 | 037 | 038 | 039 | 040 | 041 | 042 | 043 | 044 | 045 | 046 | 047 | 048 | 049 | 050 | 051 | 052 | 053 | 054 | 055 | 056 | 057 | 058 | 059 | 060 | 061 | 062 | 063 |
|   0 |  12 | 262 | 462 | 442 | 362 | 212 | 242 | 382 | 182 | 422 | 482 | 472 |  42 | 112 |  32 | 192 | 272 | 172 | 292 | 432 | 162 | 492 | 412 | 152 |  82 | 252 | 142 | 342 | 302 | 392 |  22 | 222 |  92 | 132 | 352 |  72 |  62 | 202 | 282 | 452 | 122 | 372 | 312 | 402 | 332 | 102 | 232 | 322 | 300 |  P  |  P  |  P  |  P  |  P  |  P  |  P  |  P  |  P  |  P  |  P  |  P  |  P  |  P  |
| 0| 0| 0|49|49| 3| 2| 4| 3| 5| 4| 6| 5| 7| 6| 8| 7| 9| 8|10| 9|11|10|12|11|13|12|14|13|15|14|16|15|17|16|18|17|19|18|20|19|21|20|22|21|23|22|24|23|25|24|26|25|27|26|28|27|29|28|30|29|31|30|32|31|33|32|34|33|35|34|36|35|37|36|38|37|39|38|40|39|41|40|42|41|43|42|44|43|45|44|46|45|47|46|48|47| 0| 1| 2|-1|51|-1|52|-1|53|-1|54|-1|55|-1|56|-1|57|-1|58|-1|59|-1|60|-1|61|-1|62|-1|63|-1| 0|


main() at main.cpp.cpp (44)
 size = 50
 capacity = 64
 is_linear = 0

      |>free                                                                                                                                                                                                                                                                                                                                                                                    
| 000 | 001 | 002 | 003 | 004 | 005 | 006 | 007 | 008 | 009 | 010 | 011 | 012 | 013 | 014 | 015 | 016 | 017 | 018 | 019 | 020 | 021 | 022 | 023 | 024 | 025 | 026 | 027 | 028 | 029 | 030 | 031 | 032 | 033 | 034 | 035 | 036 | 037 | 038 | 039 | 040 | 041 | 042 | 043 | 044 | 045 | 046 | 047 | 048 | 049 | 050 | 051 | 052 | 053 | 054 | 055 | 056 | 057 | 058 | 059 | 060 | 061 | 062 | 063 |
|   0 |  P  |  P  |  P  |  P  |  P  |  P  |  P  |  P  |  P  |  P  |  P  |  P  |  P  |  P  |  P  |  P  |  P  |  P  |  P  |  P  |  P  |  P  |  P  |  P  |  P  |  P  |  P  |  P  |  P  |  P  |  P  |  P  |  P  |  P  |  P  |  P  |  P  |  P  |  P  |  P  |  P  |  P  |  P  |  P  |  P  |  P  |  P  |  P  |  P  |  P  |  P  |  P  |  P  |  P  |  P  |  P  |  P  |  P  |  P  |  P  |  P  |  P  |  P  |
| 0| 0|-1| 2|-1| 3|-1| 4|-1| 5|-1| 6|-1| 7|-1| 8|-1| 9|-1|10|-1|11|-1|12|-1|13|-1|14|-1|15|-1|16|-1|17|-1|18|-1|19|-1|20|-1|21|-1|22|-1|23|-1|24|-1|25|-1|26|-1|27|-1|28|-1|29|-1|30|-1|31|-1|32|-1|33|-1|34|-1|35|-1|36|-1|37|-1|38|-1|39|-1|40|-1|41|-1|42|-1|43|-1|44|-1|45|-1|46|-1|47|-1|48|-1|49|-1|50|-1|51|-1|52|-1|53|-1|54|-1|55|-1|56|-1|57|-1|58|-1|59|-1|60|-1|61|-1|62|-1|63|-1| 0|

