 size = 1
 capacity = 9
 is_linear = 1

      |>free                                          
| 000 | 001 | 002 | 003 | 004 | 005 | 006 | 007 | 008 |
|   0 |  P  |  P  |  P  |  P  |  P  |  P  |  P  |  P  |
| 0| 0|-1| 2|-1| 3|-1| 4|-1| 5|-1| 6|-1| 7|-1| 8|-1| 0|

 size = 2
 capacity = 9
 is_linear = 1

      |>head|>free                                    
| 000 | 001 | 002 | 003 | 004 | 005 | 006 | 007 | 008 |
|   0 |  10 |  P  |  P  |  P  |  P  |  P  |  P  |  P  |
| 0| 0| 0| 0|-1| 3|-1| 4|-1| 5|-1| 6|-1| 7|-1| 8|-1| 0|

 size = 3
 capacity = 9
 is_linear = 1

      |>head|>tale|>free                              
| 000 | 001 | 002 | 003 | 004 | 005 | 006 | 007 | 008 |
|   0 |  10 |  20 |  P  |  P  |  P  |  P  |  P  |  P  |
| 0| 0| 0| 2| 1| 0|-1| 4|-1| 5|-1| 6|-1| 7|-1| 8|-1| 0|

 size = 4
 capacity = 9
 is_linear = 1

      |>head      |>tale|>free                        
| 000 | 001 | 002 | 003 | 004 | 005 | 006 | 007 | 008 |
|   0 |  10 |  20 |  30 |  P  |  P  |  P  |  P  |  P  |
| 0| 0| 0| 2| 1| 3| 2| 0|-1| 5|-1| 6|-1| 7|-1| 8|-1| 0|

 size = 5
 capacity = 9
 is_linear = 1

      |>head            |>tale|>free                  
| 000 | 001 | 002 | 003 | 004 | 005 | 006 | 007 | 008 |
|   0 |  10 |  20 |  30 |  40 |  P  |  P  |  P  |  P  |
| 0| 0| 0| 2| 1| 3| 2| 4| 3| 0|-1| 6|-1| 7|-1| 8|-1| 0|

 size = 6
 capacity = 9
 is_linear = 1

      |>head                  |>tale|>free            
| 000 | 001 | 002 | 003 | 004 | 005 | 006 | 007 | 008 |
|   0 |  10 |  20 |  30 |  40 |  50 |  P  |  P  |  P  |
| 0| 0| 0| 2| 1| 3| 2| 4| 3| 5| 4| 0|-1| 7|-1| 8|-1| 0|

 size = 7
 capacity = 9
 is_linear = 1

      |>head                        |>tale|>free      
| 000 | 001 | 002 | 003 | 004 | 005 | 006 | 007 | 008 |
|   0 |  10 |  20 |  30 |  40 |  50 |  60 |  P  |  P  |
| 0| 0| 0| 2| 1| 3| 2| 4| 3| 5| 4| 6| 5| 0|-1| 8|-1| 0|

 size = 8
 capacity = 9
 is_linear = 1

      |>head                              |>tale|>free
| 000 | 001 | 002 | 003 | 004 | 005 | 006 | 007 | 008 |
|   0 |  10 |  20 |  30 |  40 |  50 |  60 |  70 |  P  |
| 0| 0| 0| 2| 1| 3| 2| 4| 3| 5| 4| 6| 5| 7| 6| 0|-1| 0|

 size = 9
 capacity = 9
 is_linear = 1

|>free|>head                                    |>tale
| 000 | 001 | 002 | 003 | 004 | 005 | 006 | 007 | 008 |
|   0 |  10 |  20 |  30 |  40 |  50 |  60 |  70 |  80 |
| 0| 0| 0| 2| 1| 3| 2| 4| 3| 5| 4| 6| 5| 7| 6| 8| 7| 0|

 size = 10
 capacity = 18
 is_linear = 1

      |>head                                          |>tale|>free                                          
| 000 | 001 | 002 | 003 | 004 | 005 | 006 | 007 | 008 | 009 | 010 | 011 | 012 | 013 | 014 | 015 | 016 | 017 |
|   0 |  10 |  20 |  30 |  40 |  50 |  60 |  70 |  80 |  90 |  P  |  P  |  P  |  P  |  P  |  P  |  P  |  P  |
| 0| 0| 0| 2| 1| 3| 2| 4| 3| 5| 4| 6| 5| 7| 6| 8| 7| 9| 8| 0|-1|11|-1|12|-1|13|-1|14|-1|15|-1|16|-1|17|-1| 0|

 size = 9
 capacity = 18
 is_linear = 0

      |>head                        |>free            |>tale                                                
| 000 | 001 | 002 | 003 | 004 | 005 | 006 | 007 | 008 | 009 | 010 | 011 | 012 | 013 | 014 | 015 | 016 | 017 |
|   0 |  10 |  20 |  30 |  40 |  50 |  P  |  70 |  80 |  90 |  P  |  P  |  P  |  P  |  P  |  P  |  P  |  P  |
| 0| 0| 0| 2| 1| 3| 2| 4| 3| 5| 4| 7|-1|10| 5| 8| 7| 9| 8| 0|-1|11|-1|12|-1|13|-1|14|-1|15|-1|16|-1|17|-1| 0|

 size = 8
 capacity = 18
 is_linear = 0

      |>head                  |>free                  |>tale                                                
| 000 | 001 | 002 | 003 | 004 | 005 | 006 | 007 | 008 | 009 | 010 | 011 | 012 | 013 | 014 | 015 | 016 | 017 |
|   0 |  10 |  20 |  30 |  40 |  P  |  P  |  70 |  80 |  90 |  P  |  P  |  P  |  P  |  P  |  P  |  P  |  P  |
| 0| 0| 0| 2| 1| 3| 2| 4| 3| 7|-1| 6|-1|10| 4| 8| 7| 9| 8| 0|-1|11|-1|12|-1|13|-1|14|-1|15|-1|16|-1|17|-1| 0|

 size = 9
 capacity = 18
 is_linear = 0

      |>head                        |>free            |>tale                                                
| 000 | 001 | 002 | 003 | 004 | 005 | 006 | 007 | 008 | 009 | 010 | 011 | 012 | 013 | 014 | 015 | 016 | 017 |
|   0 |  10 |  20 |  30 |  40 | 300 |  P  |  70 |  80 |  90 |  P  |  P  |  P  |  P  |  P  |  P  |  P  |  P  |
| 0| 0| 0| 2| 1| 3| 2| 4| 3| 5| 4| 7|-1|10| 4| 8| 7| 9| 8| 0|-1|11|-1|12|-1|13|-1|14|-1|15|-1|16|-1|17|-1| 0|

 size = 9
 capacity = 18
 is_linear = 1

      |>head                                    |>tale|>free                                                
| 000 | 001 | 002 | 003 | 004 | 005 | 006 | 007 | 008 | 009 | 010 | 011 | 012 | 013 | 014 | 015 | 016 | 017 |
|   0 |  10 |  20 |  30 |  40 | 300 |  70 |  80 |  90 |  P  |  P  |  P  |  P  |  P  |  P  |  P  |  P  |  P  |
| 0| 0| 0| 2| 1| 3| 2| 4| 3| 5| 4| 6| 5| 7| 6| 8| 7| 0|-1|10|-1|11|-1|12|-1|13|-1|14|-1|15|-1|16|-1|17|-1| 0|

 size = 9
 capacity = 9
 is_linear = 1

      |>head                                    |>tale
| 000 | 001 | 002 | 003 | 004 | 005 | 006 | 007 | 008 |
|   0 |  10 |  20 |  30 |  40 | 300 |  70 |  80 |  90 |
| 0| 0| 0| 2| 1| 3| 2| 4| 3| 5| 4| 6| 5| 7| 6| 8| 7| 0|

